563.525011897
662.593421897
790.652001897
893.661191897
1030.7201019
1186.8212119
1289.8304019
1402.9144619
1531.9570519
1688.0581619
1789.1058419
1890.1535219
2005.1804619
2168.2437919
2282.2867219
2419.3456319
2533.3885619
2661.4835219
2776.5104619
2847.5475719
2934.5796019
3021.6116319
3150.6542219
3313.7175519
3469.8186619
3583.8615919
3680.9143519
3817.9732619
3955.0321719
4070.0591119
4207.1180219
4308.1657019
4422.2086319
4535.2926919
4632.3454519
4788.4465619
4925.5054719
5053.5640519
5181.6226319
5268.6546619
5396.7496219
5495.8180319
5596.8657119
5759.9290419
5856.9818019
5956.0502119
6059.0594019
6116.0808619
6213.1336219
6326.2176819
6454.2762619
6511.2977219
6626.3246619
6763.3835719
6860.4363319
6973.5203919
7088.5473319
7235.6157419
7363.7107019
7519.8118119
7647.8703919
7761.9133219
7858.9660819
8022.0294119
8151.0720019
8288.1309119
8474.2102219
8545.2473319
8708.3106619
8765.3321219
8912.4005319
9027.4274719
9155.4860519
9269.5289819
9397.5875619
9511.6304919
9674.6938219
9787.7778819
9973.8571919
10072.9256019
10186.0096619
10314.0682419
10500.1475519
10629.1901419
10742.2742019
10898.3753119
11011.4593719
11114.4685619
11277.5318919
11408.5723819
11465.5938419
11566.6415219
11669.6507119
11855.7300219
12002.7984319
12099.8511919
12170.8883019
12326.9894119
