19326.3937963
4468.00777817
4555.03980817
4581.09183817
4652.09256817
4684.10102817
4808.19367817
4847.16435817
4922.23660817
4946.23276817
5033.26479817
5051.27919817
5148.29173817
5165.32212817
5261.37579817
5268.33131817
5339.36842817
5376.40273817
5502.43175817
5532.50384817
5615.51581817
5646.54677817
5761.57371817
5801.59512817
5889.66867817
5915.63805817
5986.67516817
6004.69561817
6075.73272817
6114.77012817
6227.85418817
6261.81203817
6374.92259817
6398.87094817
6473.99100817
6561.93427817
6605.03149817
6664.94346817
6721.96492817
6768.09482817
6825.11628817
6836.99186817
6924.02389817
6981.21739817
7025.07157817
7110.25998817
7156.11206817
7257.32839817
7287.15255817
7371.37132817
7418.19304817
7484.45538817
7546.25162817
7647.51871817
7683.31053817
7778.55920817
7786.31972817
7857.35683817
7865.59123817
7966.63891817
7972.38377817
8075.39296817
8129.70224817
8204.43555817
8242.78630817
8332.49413817
8345.79549817
8419.52616817
8448.80468817
8582.58949817
8611.86801817
8639.61095817
8698.90004817
8752.69501817
8797.96845817
8853.74269817
8885.00048817
9032.06889817
9039.82200817
9169.12780817
9176.88091817
9256.15983817
9304.93949817
9403.22824817
9435.97998817
9551.00692817
9589.30755817
9737.08623817
9775.38686817
9890.41380817
9923.16554817
10021.4542982
10070.2339582
10149.5128782
10157.2659882
10286.5717882
10294.3248982
10441.3933082
10472.6510982
10528.4253382
10573.6987782
10627.4937482
10686.7828382
10714.5257782
10743.8042982
10877.5891082
10906.8676282
10980.5982982
10993.8996582
11083.6074882
11121.9582382
11196.6915482
11251.0008282
11354.0100182
11359.7548782
11460.8025582
11469.0369582
11540.0740682
11547.8345882
11643.0832582
11678.8750782
11780.1421682
11841.9384082
11908.2007482
11955.0224682
12039.2412382
12069.0653982
12170.2817282
12216.1338082
12301.3222182
12345.1763982
12402.3698982
12489.4019282
12501.2775082
12558.2989682
12604.4288682
12661.4503282
12721.3622982
12764.4595182
12852.4027882
12927.5228482
12951.4711982
13064.5817582
13098.5396082
13211.6236682
13250.6610682
13321.6981782
13339.7186282
13410.7557382
13436.7251182
13524.7986682
13564.8200782
13679.8470182
13710.8779782
13793.8899482
13823.9620382
13949.9910582
13987.0253682
14058.0624782
14065.0179982
14161.0716682
14178.1020582
14275.1145982
14293.1289982
14380.1610282
14404.1571882
14479.2294382
14518.2001182
14642.2927682
14674.3012282
14745.3019582
14771.3539882
14858.3860182
