1 4
15 4
34 4
64 6
65 4
77 4
83 4
95 4
119 4
143 4
149 4
170 4
201 4
210 4
212 6
213 4
217 4
225 4
248 4
269 4
283 12
284 10
285 8
286 6
287 4
310 4
336 4
358 4
377 4
380 4
386 6
387 4
399 4
406 4
413 4
434 4
450 12
451 10
452 8
453 6
454 4
464 4
484 4
511 6
512 4
514 8
515 6
516 4
519 4
522 4
526 4
560 4
579 6
580 4
597 8
598 6
599 4
616 4
630 4
635 4
655 4
660 4
663 4
688 6
689 4
698 4
714 4
722 4
741 4
741 6
742 4
743 4
747 4
751 4
760 4
765 4
787 4
789 8
790 6
791 4
806 4
814 8
815 6
816 4
827 4
845 6
846 4
853 4
885 4
893 4
907 4