946
903 16
733 213
285 13
613 438
58 158
167 795
402 84
122 23
770 895
183 319
80 355
462 837
225 661
563 300
592 50
61 96
30 243
213 503
857 904
152 320
261 24
273 291
18 26
458 528
309 198
491 277
7 23
138 67
370 340
511 928
480 2
65 86
496 507
123 58
58 70
642 523
181 245
419 169
907 113
362 328
162 119
57 344
20 15
44 433
209 158
127 40
133 66
306 3
128 656
147 173
243 682
104 91
309 380
18 187
386 741
511 475
1 114
673 782
206 50
263 623
252 338
216 615
862 509
510 178
79 229
675 780
49 44
939 223
305 702
469 285
488 630
914 700
522 747
64 647
638 635
459 523
609 246
118 131
834 911
3 235
586 755
427 463
590 868
791 887
58 313
758 362
141 19
68 343
68 75
633 863
826 109
574 792
278 27
514 304
728 696
48 340
191 2
36 118
51 12
169 69
64 298
489 706
745 728
60 142
672 556
345 712
197 61
435 452
21 936
916 569
315 56
504 123
27 60
395 805
20 454
216 457
198 299
317 943
288 241
198 187
479 552
421 294
822 78
578 30
45 414
179 790
871 647
764 714
533 721
523 705
67 1
584 184
532 838
829 30
10 85
513 255
90 249
363 352
246 111
68 655
625 576
96 458
2 400
161 586
19 4
872 856
412 517
97 178
98 405
850 776
520 598
807 444
156 166
52 61
250 880
590 463
385 168
176 276
881 532
3 45
122 574
932 222
579 475
242 382
113 360
51 194
328 167
16 11
770 697
15 25
502 350
281 640
196 22
740 159
122 186
222 70
910 390
85 143
148 539
236 275
359 570
731 386
852 637
139 869
399 894
192 668
147 327
946 64
67 107
351 335
506 599
211 799
24 217
147 295
1 277
264 769
15 112
3 7
803 795
734 161
32 18
55 526
289 30
58 66
581 673
138 308
788 434
533 898
651 148
175 112
361 748
760 670
159 857
820 851
568 853
138 886
443 243
345 75
297 224
250 726
230 509
274 525
53 18
722 246
279 453
241 64
696 752
255 127
542 587
514 688
287 467
1 6
273 159
5 247
934 538
819 632
59 350
62 551
238 76
202 393
468 942
97 10
99 38
32 244
234 420
311 265
47 160
558 781
47 42
899 135
831 463
18 58
627 478
633 161
683 409
258 136
856 680
529 32
219 55
302 155
860 288
924 704
472 537
354 222
124 136
167 70
499 543
319 824
333 262
783 254
175 409
270 256
140 221
125 879
578 737
622 121
268 191
29 62
164 573
387 288
14 802
449 931
408 715
206 450
224 267
669 297
498 459
252 25
447 549
689 406
585 476
349 806
173 356
279 335
29 823
46 3
816 524
119 213
130 33
714 321
619 548
69 161
182 38
451 145
58 398
182 415
846 167
944 234
191 432
174 61
666 65
342 171
933 269
675 471
392 707
4 404
381 401
268 945
52 129
679 513
912 283
776 558
19 426
643 596
191 520
481 876
67 156
353 352
15 34
1 612
63 210
148 280
440 337
535 66
406 358
139 155
132 890
505 431
170 53
562 16
334 35
374 174
446 560
70 286
660 700
7 18
703 553
37 864
572 449
33 569
347 475
371 227
736 320
120 204
85 93
91 930
97 346
616 491
519 620
248 765
444 341
4 1
165 22
48 650
30 195
27 72
395 277
126 113
926 806
132 71
821 559
244 425
502 531
5 8
134 50
455 111
778 1
118 709
614 567
406 548
919 55
808 374
575 240
638 893
287 489
128 94
176 48
435 545
214 436
348 133
91 33
273 341
701 561
55 417
452 750
117 479
120 749
507 606
266 508
136 150
300 100
337 113
265 471
131 266
133 692
14 10
445 201
158 657
150 403
32 76
845 38
255 565
891 271
604 559
218 202
901 844
358 521
269 645
71 120
488 487
15 251
265 140
243 323
359 576
564 479
318 65
331 256
662 342
347 506
771 214
534 170
177 15
44 17
338 732
800 818
844 51
7 465
15 605
751 840
270 637
376 561
46 121
111 60
264 118
473 53
917 714
198 376
450 763
180 667
19 693
106 812
367 249
127 205
146 118
685 793
345 600
3 550
365 39
438 601
140 64
95 22
522 2
242 148
94 124
59 110
37 30
505 695
431 593
80 40
865 644
30 413
77 644
65 34
787 731
266 519
125 553
445 594
706 708
17 12
308 555
34 92
104 215
487 833
6 22
368 100
52 384
180 646
163 597
742 679
368 554
18 82
435 217
355 472
224 332
738 398
201 603
570 696
527 496
2 27
861 806
7 33
686 809
30 464
599 725
171 228
189 674
2 12
269 174
892 606
493 196
492 354
418 234
255 798
326 203
211 19
197 358
127 442
288 941
873 351
670 455
717 223
105 757
86 106
913 488
208 396
36 6
839 278
721 870
884 779
481 175
652 317
618 59
133 497
423 65
51 557
183 58
5 3
256 128
287 185
588 251
18 21
113 19
604 713
542 198
815 280
617 155
39 135
581 773
149 17
282 724
530 111
430 559
336 218
586 897
193 39
684 46
2 1
63 11
772 107
124 227
223 191
171 200
648 170
558 169
87 38
751 320
2 9
484 226
412 329
628 906
160 293
504 785
496 46
484 607
185 399
697 669
378 263
434 8
257 195
153 76
102 21
59 923
200 216
397 312
207 172
203 91
78 541
99 878
66 847
470 212
144 272
136 739
35 28
89 54
1 28
468 309
564 677
317 678
284 304
536 103
4 10
830 571
908 894
833 940
187 232
747 834
430 730
144 664
938 738
3 78
137 46
270 322
102 352
658 303
359 344
296 524
461 387
582 51
259 247
382 478
324 309
746 559
169 379
571 362
383 37
882 40
95 744
410 227
632 1
98 100
189 118
118 201
484 654
90 54
71 13
699 388
474 159
902 52
103 96
533 546
557 626
65 516
47 101
778 925
599 828
338 762
547 841
192 279
581 836
202 133
621 624
254 87
160 456
391 126
789 256
639 719
29 262
314 157
55 23
608 935
20 52
386 16
456 512
171 170
283 915
6 40
4 56
611 531
494 3
152 141
373 211
369 299
330 106
290 49
15 13
371 427
75 927
159 117
922 904
540 154
147 466
858 477
791 109
629 266
368 827
72 568
488 832
44 284
478 501
210 366
129 233
325 439
178 580
133 866
471 665
424 16
303 58
500 58
157 476
2 3
62 64
24 18
129 720
164 80
199 718
283 392
226 86
184 122
292 191
293 349
364 663
437 8
42 115
244 422
316 753
786 612
293 810
47 361
252 659
896 19
94 38
139 100
49 88
41 42
188 73
676 137
35 50
628 631
583 263
499 362
536 556
406 811
768 804
727 14
12 30
71 532
36 98
43 19
388 52
372 269
186 325
95 538
204 698
730 859
159 430
48 47
565 825
686 536
14 117
920 370
2 31
276 775
59 21
735 648
155 168
312 32
124 482
77 329
422 848
35 179
283 121
69 45
495 438
8 83
487 51
687 481
143 307
641 294
353 449
429 382
127 347
726 796
111 119
42 515
30 230
19 163
21 234
192 63
97 185
256 779
610 149
589 453
635 56
909 560
533 488
175 316
793 889
415 567
147 671
849 309
602 581
116 77
208 37
253 51
485 450
250 390
411 299
260 486
352 768
17 39
544 281
875 95
274 68
416 1
794 642
190 152
681 178
197 634
400 649
394 240
477 408
710 135
144 88
459 113
280 883
108 33
11 38
364 316
929 181
389 6
81 151
472 577
196 237
539 653
129 301
410 817
260 227
408 245
199 110
240 153
483 784
774 724
670 885
756 596
29 20
225 174
918 581
864 905
232 767
581 205
250 218
154 61
438 213
12 13
855 532
723 522
571 680
224 26
144 236
218 814
469 628
281 58
11 109
186 375
231 177
209 595
294 112
57 3
49 79
460 370
820 51
777 132
165 842
11 7
888 24
317 289
159 729
248 43
44 691
282 21
801 136
446 448
175 180
608 381
547 151
79 761
271 48
84 181
